 Fim de Simulacao =
 Ganho:29.12dB
 com  RD=96813.97   VGS=1.10   W=70.60   L=7.03
xoptim =

   9.6814e+04   1.0985e+00   7.0598e+01   7.0252e+00

fval = -29.118
>>
